+---------------------------------------------------------------------------------------------------+
|                       Матриця планування з натуралізованими коефіцієнтами X                       |
+-------+---------+-------+----------+--------+----------+-----------+--------+----------+----------+
|   X1  |    X2   |   X3  |   X1X2   |  X1X3  |   X2X3   |   X1X2X3  |  X1X1  |   X2X2   |   X3X3   |
+-------+---------+-------+----------+--------+----------+-----------+--------+----------+----------+
|   -5  |   -25   |   15  |   125    |  -75   |   -375   |    1875   |   25   |   625    |   225    |
|   -5  |   -25   |   45  |   125    |  -225  |  -1125   |    5625   |   25   |   625    |   2025   |
|   -5  |    10   |   15  |   -50    |  -75   |   150    |    -750   |   25   |   100    |   225    |
|   -5  |    10   |   45  |   -50    |  -225  |   450    |   -2250   |   25   |   100    |   2025   |
|   15  |   -25   |   15  |   -375   |  225   |   -375   |   -5625   |  225   |   625    |   225    |
|   15  |   -25   |   45  |   -375   |  675   |  -1125   |   -16875  |  225   |   625    |   2025   |
|   15  |    10   |   15  |   150    |  225   |   150    |    2250   |  225   |   100    |   225    |
|   15  |    10   |   45  |   150    |  675   |   450    |    6750   |  225   |   100    |   2025   |
| -12.3 |   -7.5  |  30.0 |  92.25   | -369.0 |  -225.0  |   2767.5  | 151.29 |  56.25   |  900.0   |
|  22.3 |   -7.5  |  30.0 | -167.25  | 669.0  |  -225.0  |  -5017.5  | 497.29 |  56.25   |  900.0   |
|  5.0  | -37.775 |  30.0 | -188.875 | 150.0  | -1133.25 |  -5666.25 |  25.0  | 1426.951 |  900.0   |
|  5.0  |  22.775 |  30.0 | 113.875  | 150.0  |  683.25  |  3416.25  |  25.0  | 518.701  |  900.0   |
|  5.0  |   -7.5  |  4.05 |  -37.5   | 20.25  | -30.375  |  -151.875 |  25.0  |  56.25   |  16.403  |
|  5.0  |   -7.5  | 55.95 |  -37.5   | 279.75 | -419.625 | -2098.125 |  25.0  |  56.25   | 3130.403 |
|  5.0  |   -7.5  |  30.0 |  -37.5   | 150.0  |  -225.0  |  -1125.0  |  25.0  |  56.25   |  900.0   |
+-------+---------+-------+----------+--------+----------+-----------+--------+----------+----------+
+-----------------------------------+
|        Матриця планування Y       |
+-----------+-----------+-----------+
|     Y1    |     Y2    |     Y3    |
+-----------+-----------+-----------+
|   1042.0  |   1047.0  |   1043.0  |
|   8996.0  |   8991.0  |   8994.0  |
|   1606.5  |   1612.5  |   1608.5  |
|  11865.5  |  11860.5  |  11869.5  |
|   414.0   |   419.0   |   417.0   |
|   7409.0  |   7405.0  |   7405.0  |
|   4269.5  |   4270.5  |   4268.5  |
|  15664.5  |  15668.5  |  15665.5  |
|  5556.187 |  5557.187 |  5558.187 |
|  7400.907 |  7404.907 |  7396.907 |
|  1353.795 |  1353.795 |  1358.795 |
|   8082.9  |   8080.9  |   8078.9  |
|  102.253  |   98.253  |  105.253  |
| 15924.563 | 15925.563 | 15930.563 |
|  4447.375 |  4440.375 |  4448.375 |
+-----------+-----------+-----------+
Середні значення відгуку за рядками:
1044.000 8993.667 1609.167 11865.167 416.667 7406.333 4269.500 15666.167 5557.187 7400.907 1355.462 8080.900 101.920 15926.896 4445.375 
Отримане рівняння регресії:
5.121 + 4.669 * X1 + 3.651 * X2 + 6.381 * X3 + 3.196 * Х1X2 + 0.901 * Х1X3 + 2.697 * Х2X3+ 0.100 * Х1Х2X3 + 6.796 * X11^2 + 0.298 * X22^2 + 5.300 * X33^2 = ŷ
Експериментальні значення:
1043.085 8992.489 1608.339 11864.076 417.493 7406.896 4270.413 15666.817 5559.376 7399.071 1355.739 8080.976 101.792 15927.377 4445.372 

Перевірка за критерієм Кохрена
Gp = 0.15521628498727738
Дисперсія однорідна

Перевірка значущості коефіцієнтів за критерієм Стьюдента
Значущі коефіцієнти регресії: [5.121, 4.669, 3.651, 6.381, 3.196, 0.901, 2.697, 0.1, 6.796, 0.298, 5.3]
Незначущі коефіцієнти регресії: []
Значення з отриманими коефіцієнтами:
1043.085 8992.489 1608.339 11864.076 417.493 7406.896 4270.413 15666.817 5559.376 7399.071 1355.739 8080.976 101.790 15927.375 4445.372 

Перевірка адекватності за критерієм Фішера
Fp = 1.912388777778919
Рівняння регресії адекватне
